BLEU: 15.53067225953058
CHRF: 36.06626860178136
TER: 83.27205882352942
